220
220
223
227
228
225
226
227
227
226
222
223
220
220
219
221
218
217
221
220
223
224
222
220
221
221
220
220
219
222
222
222
222
221
222
223
224
225
226
228
230
227
227
227
226
227
226
226
224
224
223
223
225
226
227
227
226
228
230
228
228
228
229
230
230
230
243
240
236
227
227
231
232
233
228
233
234
233
233
234
238
238
239
238
240
240
240
238
236
238
239
239
239
241
245
245
246
245
246
245
244
245
247
251
254
254
254
248
248
255
252
251
250
249
249
248
249
251
253
251
251
251
248
248
245
245
247
249
246
245
248
251
251
248
248
249
254
254
255
253
252
253
258
262
261
266
264
262
262
262
257
252
260
256
256
253
258
257
257
260
257
260
261
260
258
260
261
259
259
260
261
262
259
258
258
257
256
253
259
258
257
265
263
265
265
264
265
271
269
274
273
272
271
272
278
277
278
282
290
286
289
288
287
285
287
285
285
283
278
277
276
276
276
276
273
272
277
276
275
272
276
280
279
280
281
275
275
273
273
268
272
275
276
275
277
280
283
286
281
282
281
284
282
282
279
277
278
280
278
275
279
279
279
275
275
274
278
278
278
278
275
276
272
271
271
270
271
271
272
271
271
271
270
270
268
269
268
268
271
271
270
271
270
270
273
273
273
271
271
273
273
275
272
276
275
277
279
281
282
282
282
284
287
286
288
289
290
290
290
290
293
298
301
300
306
296
294
295
295
291
293
294
292
295
295
297
297
297
298
300
303
302
300
302
303
306
306
304
299
299
301
304
303
304
303
305
306
308
308
308
312
315
318
322
327
325
324
326
329
318
319
316
323
320
329
328
335
330
328
328
320
311
315
312
316
312
310
316
315
330
338
332
335
337
338
342
336
343
344
350
351
362
359
359
361
365
374
378
381
382
375
372
377
379
384
387