3.7812
3.7480
3.7367
3.7443
3.7679
3.7994
3.7741
3.7483
3.8007
3.7980
3.8182
3.7701
3.8065
3.7750
3.7673
3.7384
3.7525
3.7548
3.7934
3.7810
3.7555
3.7315
3.7734
3.7900
3.7695
3.8047
3.8216
3.8226
3.7997
3.8106
3.7824
3.7644
3.7474
3.7573
3.7984
3.7891
3.7843
3.7905
3.7864
3.8155
3.7988
3.8056
3.8071
3.8084
3.7942
3.8027
3.8236
3.8111
3.8438
3.8733
3.8796
3.8956
3.9196
3.9362
3.9339
3.9085
3.9343
3.9824
3.9657
3.9819
4.0103
3.9422
3.9552
3.9735
3.9887
3.9991
4.0515
4.0449
4.0737
4.1121
4.1360
4.1102
4.0969
4.0963
4.0976
4.0086
4.0403
4.0766
4.1079
4.0860
4.0809
4.0664
4.0422
4.0617
4.1030
4.1771
4.2131
4.2260
4.2669
4.3327
4.2876
4.2352
4.3136
4.3674
4.4450
4.4139
4.4606
4.4917
4.5749
4.6691
4.5762
4.7073
4.7081
4.5822
4.5488
4.4650
4.5245
4.6508
4.5921
4.5985
4.5554
4.4844
4.4740
4.5240
4.5976
4.6452
4.7259
4.7301
4.7042
4.7402
4.7327
4.7225
4.6773
4.6810
4.6155
4.6225
4.5853
4.5872
4.6161
4.6705
4.6667
4.5925
4.5704
4.7338
4.7077
4.8762
4.8552
4.8552
4.8463
4.8065
4.7953
4.8066
4.7927
4.7395
4.8861
4.7728
4.8649
4.8529
4.8823
4.9142
4.9950
5.0660
5.0815
5.3301
5.2443
5.2800
5.5457
6.4275
6.8834
6.3544
5.9905
5.8270
6.0140
6.0808
6.0758
6.0512
6.1247
6.0068
6.1217
6.2730
6.4752
6.6519
6.5380
6.6340
6.6711
6.6011
6.5827
6.3970
6.4616
6.4302
6.3420
6.0812
6.1703
6.3144
6.3846
6.2493
6.1960
6.2937
6.1524
6.1618
6.1070
6.0080
6.0560
5.9360
5.9846
6.0458
6.1627
6.1333
6.1106
6.1011
6.0760
5.9258
5.8721
5.7867
5.6856
5.5835
5.6425
5.6425
5.6689
5.7370
5.7023
5.6345
5.5929
5.5611
5.4746
5.5835
5.5118
5.4296
5.3134
5.3560
5.3612
5.4583
5.4606
5.4685
5.4776
5.4624
5.3481
5.3318
5.3075
5.3776
5.3080
5.2960
5.2875
5.2477
5.2716
5.2219
5.1631
5.2128
5.2501
5.3875
5.3262
5.3386
5.3029
5.3248
5.3653
5.3482
5.3392
5.3635
5.3686
5.3450
5.2861
5.2649
5.3181
5.2890
5.3101
5.2766
5.2850
5.2725
5.2887
5.2933
5.4003
5.4664
5.3311
5.3848
5.4811
5.4768
5.4168
5.4550
5.4447
5.4466
5.3363
5.3480
5.3283
5.3247
5.3435
5.2860
5.2650
5.2688
5.3279
5.3098
5.2252
5.1645
5.2084
5.2182
5.1985
5.2168
5.2668
5.2474
5.2779
5.2516
5.2850
5.2729
5.2714
5.3083
5.2828
5.3244
5.3214
5.3186
5.3026
5.3066
5.3136
5.3371
5.3742
5.3769
5.3870
5.4288
5.4712
5.4303
5.4455
5.4572
5.4564
5.4671
5.4467
5.4683
5.4764
5.4208
5.4652
5.7627
5.5503
5.3279
5.3278
5.5610
5.5555
5.4863
5.6050
5.6260
5.5925
5.6262
5.6903
5.6943
5.6818
5.7388
5.7693
5.8041
5.7703
5.7387
5.8018
5.8112
5.8272
5.8287
5.8753
5.9268
5.9382
5.9483
5.9656
5.9665
5.9645
5.9648
6.0803
6.1511
6.1860
6.1926
5.9851
6.0594
6.0306
6.0007
6.0457
6.0550
6.0272
6.0525
6.1002
6.0964
6.0825
6.0629
6.0319
6.0121
5.8772
5.8382
5.8339
5.7824
5.7310
5.7801
5.8310
5.7747
5.7976
5.8080
5.8682
5.9015
5.8733
5.8284
5.7914
5.7644
5.8214
5.8090
5.7949
5.7749
5.7725
5.7921
5.6507
5.6528
5.6249
5.5953
5.6288
5.7367
5.7322
5.6741
5.6734
5.7200
5.7148
5.7118
5.6842
5.6181
5.6551
5.6770
5.7178
5.7085
5.7027
5.6718
5.6148
5.5597
5.5864
5.6039
5.5597
5.5715
5.5209
5.4938
5.4782
5.4917
5.5640
5.5629
5.6128
5.5680
5.5785
5.6609
5.7290
5.7162
5.7688
5.7599
5.8252
5.8275
5.8134
5.8400
5.8306
5.8068
5.7293
5.6670
5.6917
5.7155
5.7500
5.7683
5.7515
5.6566
5.6861
5.7290
5.7016
5.6768
5.7187
5.7439
5.7174
5.6973
5.6706
5.6655
5.6708
5.6489
5.7231
5.7020
5.6947
5.6962
5.8328
5.8311
5.8712
5.8365
5.8853
5.9271
5.9165
5.8870
5.8299
5.7919
5.8582
5.8084
5.7351
5.7647
5.7748
5.7312
5.7373
5.7020
5.7130
5.7124
5.7387
5.7533
5.7508
5.7522
5.7668
5.7733
5.7776
5.7403
5.7477
5.7453
5.7369
5.6990
5.6997
5.6966
5.7132
5.7416
5.7597
5.7779
5.7585
5.7470
5.7415
5.7431
5.7508
5.7485
5.7766
5.8113
5.8057
5.8074
5.7914
5.8082
5.8498
5.8860
5.9261
5.9417
5.9400
5.9486
5.9468
5.9350
5.9335
5.9502
5.9479
5.9489
5.9466
5.9566
5.9723
5.9690
5.9727
5.9091
5.8739
5.8777
5.8671
5.8819
5.8758
5.8597
5.8908
5.9132
5.9376
5.9222
5.9344
5.9391
5.9440
5.9403
5.9567
5.9725
5.9822
5.9844
5.9801
5.9827
5.9874
6.0153
6.0108
6.0163
6.0420
6.0405
6.0505
6.0449
6.0642
6.0823
6.1004
6.0964
6.1177
6.1441
6.1590
6.2078
6.2427
6.1743
6.1070
6.0773
6.1105
6.0919
6.1442
6.1575
6.2091
6.3159
6.3321
6.4315
6.3974
6.4752
6.5439
6.5525
6.5617
6.4203
6.4170
6.3979
6.4550
6.5773
6.6143
6.7030
6.6153
6.7310
6.7815
6.7540
6.7737
6.6746
6.7001
6.7721
6.8155
6.9118
6.9397
6.9317
6.9402
6.9812
6.9787
6.9519